SampleNames	ParticipantID	AFR	AMR	EAS	EUR	SAS	SelfReportedAncestry
3620-AS-1-GCCAAT_S1	HTA11_347	3.37E-06	0.014068487	5.59E-17	0.975043362	0.010884778	Other
3620-AS-2-CTTGTA_S2	HTA11_78	6.12E-07	0.002370979	1.69E-18	0.995959309	0.001669099	HTAN_white
3803-AS-1-CCGCGGTT-AGCGCTAG_S01_L001	HTA11_696	7.77E-07	0.004043598	2.09E-17	0.992742133	0.003213492	HTAN_white
3803-AS-2-TTATAACC-GATATCGA_S01_L001	HTA11_696	3.84E-07	0.002095819	8.59E-18	0.996253765	0.001650032	HTAN_white
3882-AS-1-CCGCGGTT-AGCGCTAG_S150	HTA11_83	0.999708126	0.000257352	3.85E-25	1.76E-46	3.45E-05	HTAN_black
3882-AS-2-TTATAACC-GATATCGA_S151	HTA11_83	0.999765426	0.000207801	1.83E-25	6.09E-47	2.68E-05	HTAN_black
3882-AS-3-CCGCGGTT-AGCGCTAG_S356	HTA11_83	0.999763306	0.000209367	2.34E-25	4.69E-47	2.73E-05	HTAN_black
3882-AS-4-TTATAACC-GATATCGA_S357	HTA11_78	2.09E-06	0.005743537	1.23E-18	0.990533475	0.003720896	HTAN_white
3882-AS-5-CCGCGGTT-AGCGCTAG_S337	HTA11_78	2.10E-09	1.16E-05	1.12E-21	0.99998085	7.52E-06	HTAN_white
3906-AS-1-CCGCGGTT-AGCGCTAG_S52	HTA11_347	2.44E-06	0.008735485	1.07E-17	0.984965615	0.00629646	Other
3906-AS-2-TTATAACC-GATATCGA_S53	HTA11_104	0.000162882	0.382971381	1.76E-15	0.328167478	0.288698259	HTAN_white
3909-AS-1-CCGCGGTT-AGCGCTAG_S323	HTA11_411	1.97E-07	0.00076177	2.35E-19	0.99872476	0.000513273	HTAN_white
3909-AS-2-TTATAACC-GATATCGA_S1	HTA11_411	3.20E-07	0.001196711	4.24E-19	0.997992501	0.000810468	HTAN_white
3909-AS-3-CCGCGGTT-AGCGCTAG_S111	HTA11_411	2.55E-08	0.000114908	1.99E-20	0.999809283	7.58E-05	HTAN_white
3909-AS-4-TTATAACC-GATATCGA_S112	HTA11_377	1.76E-05	0.052540965	9.53E-17	0.909190344	0.038251071	HTAN_white
3927-AS-1-CCGCGGTT-AGCGCTAG_S9	HTA11_392	0.000631879	0.601862609	3.45E-16	0.011832817	0.385672695	HTAN_white
3927-AS-16-TAATACAG-ATATTCAC_S24	HTA11_696	1.17E-07	0.000664	1.47E-18	0.998828525	0.000507358	HTAN_white
3927-AS-17-CGGCGTGA-GCGCCTGT_S25	HTA11_696	1.50E-07	0.000845621	2.11E-18	0.998504264	0.000649965	HTAN_white
3927-AS-18-ATGTAAGT-ACTCTATG_S26	HTA11_696	2.94E-07	0.001540424	4.02E-18	0.9972777	0.001181581	HTAN_white
4103-AS-3-CAAGCTAG-ACATAGCG_S169	HTA11_2487	7.32E-07	0.002541364	1.06E-18	0.995729785	0.001728119	HTAN_white
4240-AS-1-ACTAAGAT-AACCGCGG_S162	HTA11_2992	4.54E-06	0.01763454	5.67E-17	0.96892449	0.013436429	HTAN_white
4563-AS-1_S38_L005	HTA11_2487	2.30E-07	0.000983972	6.27E-19	0.998323064	0.000692734	HTAN_white
4563-AS-10_S47_L005	HTA11_5363	0.000292719	0.518446622	1.73E-13	0.000165026	0.481095633	HTAN_white
4563-AS-11_S48_L005	HTA11_5212	0.983266931	0.013676434	3.94E-21	3.46E-35	0.003056635	HTAN_black
4563-AS-12_S49_L005	HTA11_5212	0.980185565	0.015997902	1.34E-20	3.06E-35	0.003816533	HTAN_black
4563-AS-13_S50_L005	HTA11_5216	0.989857918	0.008421176	7.63E-22	2.82E-36	0.001720906	HTAN_black
4563-AS-14_S51_L005	HTA11_5216	0.988565387	0.009448886	1.28E-21	4.28E-36	0.001985727	HTAN_black
4563-AS-15_S52_L005	HTA11_5216	0.989014569	0.009145651	5.59E-22	9.62E-36	0.001839781	HTAN_black
4563-AS-17_S54_L005	HTA11_3252	0.99753961	0.002072591	1.70E-22	2.63E-41	0.000387799	HTAN_black
4563-AS-18_S55_L005	HTA11_3252	0.997940271	0.001743257	9.76E-23	1.05E-41	0.000316472	HTAN_black
4563-AS-2_S39_L005	HTA11_2487	7.10E-07	0.002635908	1.61E-18	0.995527094	0.001836288	HTAN_white
4563-AS-25_S61_L005	HTA11_2112	5.73E-06	0.015342296	5.99E-18	0.974412196	0.010239776	HTAN_white
4563-AS-26_S85_L005	HTA11_2112	0.000127643	0.255906302	2.49E-16	0.56782853	0.176137525	HTAN_white
4563-AS-3_S40_L005	HTA11_1938	5.21E-05	0.175132835	1.82E-15	0.684114321	0.140700793	HTAN_white
4563-AS-4_S41_L005	HTA11_1938	0.000314795	0.5425402	2.74E-14	0.001842821	0.455302184	HTAN_white
4563-AS-5_S42_L005	HTA11_3331	2.05E-05	0.062821696	1.54E-16	0.890619464	0.046538365	HTAN_white
4563-AS-9_S46_L005	HTA11_5363	0.000292482	0.521550354	1.36E-13	0.000244488	0.477912676	HTAN_white
5109-YX-1_S01_L005	HTA11_2112	3.63E-06	0.01111483	7.06E-18	0.981210159	0.007671386	HTAN_white
5109-YX-2_S01_L005	HTA11_1391	8.09E-06	0.023662154	2.06E-17	0.959771683	0.016558069	HTAN_white
5109-YX-3_S01_L005	HTA11_696	1.24E-06	0.005658156	1.84E-17	0.989985867	0.004354736	HTAN_white
5109-YX-4_S01_L005	HTA11_866	8.04E-06	0.03111825	1.52E-16	0.944646838	0.024226869	HTAN_white
5109-YX-5_S01_L005	HTA11_1938	0.000120455	0.341264029	3.48E-15	0.387438417	0.2711771	HTAN_white
5109-YX-6_S01_L005	HTA11_83	0.999695178	0.000269008	3.31E-25	3.31E-46	3.58E-05	HTAN_black
5607-YX-10-TCTCTACT-CGCGGTTC_S11_L001	HTA11_7956	8.22E-06	0.034173474	2.64E-16	0.938444004	0.027374306	HTAN_white
5607-YX-11-CTCTCGTC-TATAACCT_S12_L001	HTA11_7956	9.23E-06	0.036750761	2.39E-16	0.934144637	0.029095376	HTAN_white
5607-YX-12-CCAAGTCT-AAGGATGA_S13_L001	HTA11_7956	1.03E-06	0.004800982	1.59E-17	0.991494151	0.003703841	HTAN_white
5607-YX-13-TTGGACTC-GGAAGCAG_S14_L001	HTA11_8099	0.016223968	0.65745388	9.96E-17	7.33E-12	0.326322152	HTAN_white
5607-YX-14-GGCTTAAG-TCGTGACC_S15_L001	HTA11_8099	0.012492081	0.654757705	1.17E-16	3.85E-11	0.332750214	HTAN_white
5607-YX-15-AATCCGGA-CTACAGTT_S16_L001	HTA11_8099	0.011760073	0.646338532	2.35E-16	2.04E-11	0.341901395	HTAN_white
5607-YX-16-TAATACAG-ATATTCAC_S17_L001	HTA11_866	1.44E-05	0.05752229	5.45E-16	0.896001639	0.046461678	HTAN_white
5607-YX-17-CGGCGTGA-GCGCCTGT_S18_L001	HTA11_866	5.98E-05	0.210155476	3.39E-15	0.616567276	0.173217403	HTAN_white
5607-YX-18-ATGTAAGT-ACTCTATG_S19_L001	HTA11_9341	0.000133096	0.402061792	8.66E-15	0.264306383	0.33349873	HTAN_white
5607-YX-19-GCACGGAC-GTCTCGCA_S20_L001	HTA11_8920	0.000212249	0.512201565	1.05E-14	0.069315379	0.418270808	HTAN_white
5607-YX-20-GGTACCTT-AAGACGTC_S21_L001	HTA11_8920	0.000200975	0.501951032	1.04E-14	0.087068454	0.410779539	HTAN_white
5607-YX-21-AACGTTCC-GGAGTACT_S22_L001	HTA11_10167	5.20E-05	0.164743372	1.15E-15	0.706017054	0.129187553	HTAN_white
5607-YX-22-GCAGAATT-ACCGGCCA_S23_L001	HTA11_10167	1.78E-05	0.065228332	4.32E-16	0.883307929	0.051445957	HTAN_white
5607-YX-23-ATGAGGCC-GTTAATTG_S24_L001	HTA11_6298	6.92E-06	0.024479852	6.14E-17	0.957202705	0.018310528	HTAN_white
5607-YX-24-ACTAAGAT-AACCGCGG_S25_L001	HTA11_6298	8.72E-06	0.032562835	1.36E-16	0.942333471	0.025094976	HTAN_white
5607-YX-4-AAGTCCAA-TATGAGTA_S5_L001	HTA11_7862	0.996268282	0.003153252	1.11E-22	2.77E-39	0.000578466	HTAN_black
5607-YX-5-ATCCACTG-AGGTGCGT_S6_L001	HTA11_7862	0.996676247	0.002821099	6.43E-23	1.96E-39	0.000502654	HTAN_black
5607-YX-6-GCTTGTCA-GAACATAC_S7_L001	HTA11_7862	0.99532458	0.00393019	2.02E-22	1.03E-38	0.00074523	HTAN_black
5779-YX-1-CCGCGGTT-AGCGCTAG_S1_L005	HTA11_8622	6.77E-06	0.024861941	7.70E-17	0.956286313	0.018844978	HTAN_white
5779-YX-11-CTCTCGTC-TATAACCT_S1_L005	HTA11_3918	5.21E-05	0.145162237	4.47E-16	0.746557233	0.108228458	HTAN_white
5779-YX-12-CCAAGTCT-AAGGATGA_S1_L005	HTA11_3918	2.08E-05	0.061046338	1.16E-16	0.894415216	0.044517686	HTAN_white
5779-YX-14-GGCTTAAG-TCGTGACC_S1_L005	HTA11_4255	3.45E-07	0.001316227	5.61E-19	0.997782266	0.000901163	HTAN_white
5779-YX-15-AATCCGGA-CTACAGTT_S1_L005	HTA11_4255	1.30E-05	0.038376668	5.12E-17	0.934134236	0.027476091	HTAN_white
5779-YX-16-TAATACAG-ATATTCAC_S1_L005	HTA11_4255	0.000109358	0.242148562	3.76E-16	0.585909187	0.171832893	HTAN_white
5779-YX-17-CGGCGTGA-GCGCCTGT_S1_L005	HTA11_9408	0.000208315	0.350869915	2.12E-16	0.415773356	0.233148414	HTAN_white
5779-YX-18-ATGTAAGT-ACTCTATG_S1_L005	HTA11_9408	2.03E-05	0.061938664	1.47E-16	0.892242089	0.045798986	HTAN_white
5779-YX-19-GCACGGAC-GTCTCGCA_S1_L005	HTA11_9408	8.65E-05	0.216906994	5.81E-16	0.623465291	0.159541242	HTAN_white
5779-YX-2-TTATAACC-GATATCGA_S1_L005	HTA11_8622	1.26E-06	0.005613663	1.62E-17	0.990096202	0.004288878	HTAN_white
5779-YX-21-AACGTTCC-GGAGTACT_S1_L005	HTA11_10623	0.984354628	0.013020577	5.54E-22	3.07E-34	0.002624794	HTAN_black
5779-YX-22-GCAGAATT-ACCGGCCA_S1_L005	HTA11_10711	2.25E-05	0.069676102	1.96E-16	0.878282409	0.052018995	HTAN_white
5779-YX-23-ATGAGGCC-GTTAATTG_S1_L005	HTA11_6801	1.41E-05	0.043453926	8.00E-17	0.924815346	0.031716599	HTAN_white
5779-YX-24-ACTAAGAT-AACCGCGG_S1_L005	HTA11_6801	1.47E-07	0.000636769	3.12E-19	0.998920671	0.000442413	HTAN_white
5779-YX-3-GGACTTGG-CGCAGACG_S1_L005	HTA11_8622	5.67E-06	0.022955322	1.12E-16	0.959115395	0.017923609	HTAN_white
5779-YX-4-AAGTCCAA-TATGAGTA_S1_L005	HTA11_8622	1.87E-05	0.065317738	3.34E-16	0.883989211	0.050674363	HTAN_white
5779-YX-5-ATCCACTG-AGGTGCGT_S1_L005	HTA11_7663	0.969852286	0.02489415	1.21E-21	6.29E-32	0.005253564	HTAN_black
5779-YX-6-GCTTGTCA-GAACATAC_S1_L005	HTA11_7663	0.969181672	0.025294758	2.31E-21	3.05E-32	0.005523571	HTAN_black
5898-YX-1_S1_L005	HTA11_6801	3.05E-05	0.085316531	1.63E-16	0.85261246	0.062040461	HTAN_white
5898-YX-14_S1_L005	HTA11_7469	0.997512501	0.002131445	1.95E-23	6.58E-40	0.000356054	HTAN_black
5898-YX-15_S1_L005	HTA11_7469	0.997315798	0.00228675	4.11E-23	4.71E-40	0.000397452	HTAN_black
5898-YX-16_S1_L005	HTA11_7469	0.997225735	0.002362358	4.35E-23	5.97E-40	0.000411907	HTAN_black
5898-YX-18_S1_L005	HTA11_8504	8.68E-05	0.211515206	4.69E-16	0.634626214	0.153771743	HTAN_white
5898-YX-19_S1_L005	HTA11_8504	1.99E-06	0.00743941	1.03E-17	0.987145887	0.005412718	HTAN_white
5898-YX-2_S1_L005	HTA11_6801	2.29E-05	0.072006642	2.26E-16	0.873848172	0.054122296	HTAN_white
5898-YX-20_S1_L005	HTA11_11167	0.000165887	0.442764878	6.46E-15	0.199841337	0.357227898	HTAN_white
5898-YX-21_S1_L005	HTA11_11156	0.000289301	0.511560572	1.32E-15	0.120324398	0.367825729	HTAN_white
5898-YX-22_S1_L005	HTA11_11156	3.35E-05	0.081952567	7.41E-17	0.861155579	0.056858361	HTAN_white
5898-YX-23_S1_L005	HTA11_7128	0.891455903	0.086291409	4.31E-20	1.50E-28	0.022252688	HTAN_black
5898-YX-3_S1_L005	HTA11_7029	2.69E-05	0.074548459	1.23E-16	0.871656207	0.053768474	HTAN_white
5898-YX-4_S1_L005	HTA11_7029	1.83E-05	0.052137197	7.27E-17	0.910512046	0.037332419	HTAN_white
5898-YX-5_S1_L005	HTA11_7956	1.23E-06	0.005619925	1.81E-17	0.990055725	0.004323116	HTAN_white
5898-YX-6_S1_L005	HTA11_7696	2.14E-07	0.001192282	3.59E-18	0.997882774	0.00092473	HTAN_white
5898-YX-7_S1_L005	HTA11_7696	1.76E-07	0.000957874	2.16E-18	0.998311235	0.000730714	HTAN_white
5898-YX-8_S1_L005	HTA11_6182	1.37E-05	0.043318562	9.22E-17	0.924755759	0.031911976	HTAN_white
5898-YX-9_S1_L005	HTA11_6182	0.00045343	0.561399204	9.99E-15	0.000701588	0.437445779	HTAN_white
6412-YX-1_S1_L005	HTA11_7821	6.75E-06	0.023670246	5.51E-17	0.958695408	0.0176276	HTAN_white
6412-YX-11_S1_L005	HTA11_8471	6.60E-07	0.0026744	2.65E-18	0.995404223	0.001920717	HTAN_white
6412-YX-12_S1_L005	HTA11_8471	0.000178479	0.387622918	1.18E-15	0.327641309	0.284557295	HTAN_white
6412-YX-13_S1_L005	HTA11_8890	1.72E-05	0.063554743	4.33E-16	0.886198097	0.050229997	HTAN_white
6412-YX-14_S1_L005	HTA11_8890	1.48E-05	0.05107641	1.99E-16	0.90986819	0.0390406	HTAN_white
6412-YX-15_S1_L005	HTA11_8890	1.61E-05	0.0587994	3.47E-16	0.895102289	0.046082196	HTAN_white
6412-YX-16_S1_L005	HTA11_9226	3.68E-05	0.112781803	4.57E-16	0.801407011	0.085774391	HTAN_white
6412-YX-17_S1_L005	HTA11_9226	8.44E-06	0.02943234	7.87E-17	0.948488277	0.022070949	HTAN_white
6412-YX-18_S1_L005	HTA11_9226	1.14E-05	0.037987066	9.79E-17	0.933643912	0.028357647	HTAN_white
6412-YX-19_S1_L005	HTA11_6407	0.999317462	0.000593557	2.89E-24	3.68E-44	8.90E-05	HTAN_black
6412-YX-20_S1_L005	HTA11_6407	0.999075453	0.000799219	6.58E-24	2.15E-43	0.000125328	HTAN_black
6412-YX-21_S1_L005	HTA11_6407	0.999016572	0.000850608	6.02E-24	4.43E-43	0.00013282	HTAN_black
6412-YX-22_S1_L005	HTA11_8755	1.52E-06	0.006748814	2.17E-17	0.988065957	0.00518371	HTAN_white
6412-YX-23_S1_L005	HTA11_8755	3.70E-07	0.001853299	4.38E-18	0.996735936	0.001410395	HTAN_white
6412-YX-24_S1_L005	HTA11_8755	9.75E-07	0.004168863	7.65E-18	0.992728161	0.003102001	HTAN_white
6412-YX-3_S1_L005	HTA11_7821	2.12E-05	0.074209813	4.22E-16	0.867865728	0.057903231	HTAN_white
6412-YX-4_S1_L005	HTA11_7821	2.50E-05	0.078175571	2.58E-16	0.862906705	0.058892773	HTAN_white
7132-YX-1_S1_L005	HTA11_14651	0.000564554	0.557322326	1.79E-14	5.93E-05	0.442053848	HTAN_white
7133-YX-1_S1_L005	HTA11_9014	7.41E-06	0.025240882	5.25E-17	0.956098431	0.018653274	HTAN_white
7133-YX-10_S1_L005	HTA11_10466	7.73E-05	0.245435153	2.78E-15	0.557092778	0.197394751	HTAN_white
7133-YX-11_S1_L005	HTA11_10466	0.000140646	0.402320786	6.36E-15	0.270241145	0.327297423	HTAN_white
7133-YX-12_S1_L005	HTA11_10466	0.000272022	0.541978305	1.73E-14	0.009932234	0.447817439	HTAN_white
7133-YX-13_S1_L005	HTA11_3997	0.000409163	0.557673029	1.17E-14	0.001125089	0.44079272	HTAN_white
7133-YX-14_S1_L005	HTA11_3997	0.000451678	0.568869915	5.25E-15	0.00196673	0.428711677	HTAN_white
7133-YX-15_S1_L005	HTA11_3997	0.000640927	0.538559418	8.82E-14	1.93E-06	0.460797727	HTAN_white
7133-YX-17_S1_L005	HTA11_10557	3.93E-05	0.106722548	2.14E-16	0.815548748	0.077689437	HTAN_white
7133-YX-18_S1_L005	HTA11_10557	4.87E-05	0.127292354	2.43E-16	0.780454947	0.092203977	HTAN_white
7133-YX-2_S1_L005	HTA11_9014	5.52E-06	0.019900659	4.70E-17	0.965238138	0.014855685	HTAN_white
7133-YX-20_S1_L005	HTA11_10888	0.000432382	0.572778653	3.07E-15	0.005998659	0.420790306	HTAN_white
7133-YX-23_S1_L005	HTA11_11092	1.82E-05	0.049278981	5.10E-17	0.916061312	0.034641539	HTAN_white
7133-YX-24_S1_L005	HTA11_5679	0.000228808	0.494387608	3.53E-15	0.12594555	0.379438034	HTAN_white
7133-YX-3_S1_L005	HTA11_9014	1.32E-06	0.005733197	1.44E-17	0.989924668	0.004340815	HTAN_white
7133-YX-4_S1_L005	HTA11_9827	0.000353573	0.56141556	4.14E-15	0.014359046	0.423871822	HTAN_white
7133-YX-5_S1_L005	HTA11_9827	4.67E-05	0.118742397	1.85E-16	0.796258044	0.084952904	HTAN_white
7133-YX-6_S1_L005	HTA11_9827	1.69E-05	0.048414934	6.55E-17	0.916945627	0.034622501	HTAN_white
7133-YX-7_S1_L005	HTA11_10034	0.000231272	0.486711831	2.68E-15	0.145085041	0.367971856	HTAN_white
7133-YX-8_S1_L005	HTA11_10034	0.000112599	0.299019365	1.69E-15	0.471362372	0.229505664	HTAN_white
7133-YX-9_S1_L005	HTA11_10034	0.000325466	0.552794115	1.06E-14	0.006290786	0.440589633	HTAN_white
7230-YX-11_S1_L005	HTA11_12542	0.000154316	0.390954001	2.88E-15	0.305506723	0.30338496	HTAN_white
7230-YX-12_S1_L005	HTA11_12480	0.000409629	0.571512657	2.44E-15	0.011894177	0.416183538	HTAN_white
7230-YX-13_S1_L005	HTA11_12480	0.000399209	0.565182133	5.52E-15	0.004253481	0.430165178	HTAN_white
7230-YX-14_S1_L005	HTA11_12480	0.000364954	0.551238973	1.68E-14	0.001422284	0.446973788	HTAN_white
7230-YX-15_S1_L005	HTA11_6436	0.000264236	0.540328262	1.79E-14	0.01136115	0.448046351	HTAN_white
7230-YX-16_S1_L005	HTA11_6436	0.000249404	0.536624792	1.46E-14	0.021385978	0.441739825	HTAN_white
7230-YX-17_S1_L005	HTA11_12910	0.000298422	0.528144242	1.78E-15	0.08633154	0.385225796	HTAN_white
7230-YX-18_S1_L005	HTA11_12910	0.000133531	0.298683678	6.57E-16	0.485208151	0.215974639	HTAN_white
7230-YX-19_S1_L005	HTA11_12910	0.00021073	0.455567109	2.17E-15	0.201898138	0.342324023	HTAN_white
7230-YX-2_S1_L005	HTA11_6862	0.000273333	0.540852859	6.80E-15	0.033447385	0.425426423	HTAN_white
7230-YX-20_S1_L005	HTA11_12900	0.000421936	0.571710689	3.12E-15	0.006882691	0.420984683	HTAN_white
7230-YX-21_S1_L005	HTA11_12900	0.000335376	0.553411493	2.37E-15	0.039210009	0.407043122	HTAN_white
7230-YX-4_S1_L005	HTA11_11543	0.000379131	0.563382543	5.58E-15	0.005941673	0.430296653	HTAN_white
7230-YX-5_S1_L005	HTA11_12090	0.000645245	0.563183848	1.32E-14	3.75E-05	0.436133376	HTAN_white
7230-YX-7_S1_L005	HTA11_12167	1.54E-05	0.04845109	1.09E-16	0.915755252	0.035778227	HTAN_white
7230-YX-8_S1_L005	HTA11_12187	0.998974914	0.000877489	2.48E-23	8.74E-44	0.000147597	HTAN_black
7306-YX-1_S1_L005	HTA11_9700	1.47E-05	0.051929206	2.36E-16	0.907982464	0.040073669	HTAN_white
7306-YX-10_S1_L005	HTA11_13678	0.000297937	0.547099887	1.45E-14	0.007126105	0.44547607	HTAN_white
7306-YX-11_S1_L005	HTA11_3372	0.970829783	0.023162013	6.24E-20	1.45E-34	0.006008203	HTAN_black
7306-YX-12_S1_L005	HTA11_11275	0.048142923	0.615890458	2.06E-15	2.21E-17	0.335966619	HTAN_white
7306-YX-16_S1_L005	HTA11_9531	0.000136869	0.378901732	4.26E-15	0.318769903	0.302191496	HTAN_white
7306-YX-17_S1_L005	HTA11_9531	0.000416395	0.534455546	7.51E-14	5.23E-05	0.465075761	HTAN_white
7306-YX-2_S1_L005	HTA11_9998	0.000426574	0.549836429	2.33E-14	0.000283038	0.449453959	HTAN_white
7306-YX-3_S1_L005	HTA11_13109	0.000407303	0.532894119	8.26E-14	5.25E-05	0.466646121	HTAN_white
7306-YX-6_S1_L005	HTA11_13708	7.71E-06	0.026966224	6.81E-17	0.952863551	0.020162511	HTAN_white
7306-YX-7_S1_L005	HTA11_13701	0.000166253	0.389618316	1.83E-15	0.316220123	0.293995307	HTAN_white
7306-YX-8_S1_L005	HTA11_13701	0.000142385	0.338628129	1.29E-15	0.408313461	0.252916025	HTAN_white
7306-YX-9_S1_L005	HTA11_13794	0.000392202	0.56330324	6.39E-15	0.003846641	0.432457918	HTAN_white
